2220222
2000002
2000002
0000000
2000002
2000002
2220222
Room001
2222222
2222222
2222222
2222222
2222222
2222222
2222222
Room002
0000000
0000000
0000000
0000000
0000000
0000000
0000000
Room003
2221222
2000002
1000001
0000000
1000001
2000002
2221222
Room004
2220222
2000002
2000002
0004000
2000002
2000002
2220222
Room005
2220222
2000002
2000302
0000000
2030002
2000002
2220222
Room006
2220222
2001002
2011102
0011100
2011102
2000002
2220222
Room007
2220222
2003002
2031302
0013100
2031302
2000002
2220222
Room008
